   1 -1
  11 -10
 226 -100
  31 -1000
   1 -1002
   1 -1025
   1 -1039
   1 -105
   7 -1050
   2 -106
   1 -1069
   1 -1070
   1 -1077
   1 -109
   1 -1090
   6 -110
   5 -1100
  37 -1124
   1 -1143
   1 -118
   1 -1180
   2 -1186
   4 -12
   1 -120
  10 -1200
   1 -122
   1 -1243
  10 -125
   4 -1250
   3 -126
   1 -1273
   5 -1279
   2 -1285
   1 -1290
   1 -1291
   3 -1292
   1 -1294
   3 -1295
   6 -1299
  23 -13
  24 -130
  35 -1300
   1 -1314
   1 -1319
   1 -1323
   1 -1335
   1 -1336
   1 -1339
  30 -1350
   1 -1360
   1 -1370
   6 -1375
  20 -1390
   1 -1391
   1 -140
  38 -1400
   2 -1414
   1 -142
   1 -1425
   1 -144
   3 -145
  21 -1450
   5 -1470
   1 -1473
   8 -1485
   1 -149
   2 -15
 137 -150
  37 -1500
   1 -1505
   1 -1525
   6 -1530
   3 -1540
   3 -155
  29 -1550
   4 -1560
   1 -1567
   4 -1575
   1 -158
   1 -1580
   4 -159
   7 -16
   9 -160
  42 -1600
   1 -162
   2 -1630
   5 -165
   7 -1650
   1 -166
   4 -1675
   2 -17
  11 -170
  86 -1700
   3 -171
   1 -172
   1 -1720
  11 -175
   2 -1750
   2 -176
   1 -1775
   1 -1783
   4 -179
  17 -180
  21 -1800
   1 -1810
   1 -1825
   1 -183
  12 -185
   1 -1850
   2 -1859
   1 -186
   1 -1887
   2 -19
   3 -190
  16 -1900
   1 -1929
   1 -193
   1 -1938
   5 -1981
 121 -199
   4 -1991
   1 -1999
  23 -20
 148 -200
  28 -2000
   3 -20000
   1 -202
   1 -203
   2 -2030
   7 -2033
   3 -204
   2 -2040
   1 -2055
   1 -2061
   1 -207
   2 -2080
   1 -2081
  69 -21
   7 -210
   6 -2100
   1 -211
   1 -213
   4 -2134
   4 -215
   1 -217
   1 -218
   7 -220
   4 -2200
   1 -223
   1 -2246
  62 -225
   1 -2250
   1 -228
   1 -2287
   6 -230
  42 -2300
   1 -2325
   2 -2330
   1 -2332
   1 -235
   2 -2360
   2 -237
   1 -2378
   2 -2388
   1 -240
  11 -2400
   1 -241
   3 -2410
   2 -245
   7 -246
   1 -2465
   1 -2480
  27 -25
  25 -250
  19 -2500
   1 -2510
   1 -2533
   1 -255
   9 -2550
   1 -256
   1 -257
  11 -2589
   2 -26
   1 -260
  36 -2600
   1 -261
   1 -2620
   1 -263
   1 -2630
   1 -2650
   7 -266
   1 -2686
 148 -27
   3 -270
  32 -2700
   1 -271
   1 -273
   1 -274
  12 -275
   3 -28
   2 -280
  19 -2800
   1 -281
   1 -283
  27 -29
   3 -290
   1 -296
  53 -299
  39 -30
 211 -300
  47 -3000
  27 -302
   2 -3025
   5 -305
   2 -306
  13 -31
  13 -310
   4 -3100
   4 -311
   1 -312
   1 -3175
   1 -319
   1 -32
  32 -320
   1 -3200
  18 -323
  50 -325
  12 -329
   2 -33
 109 -330
   9 -3300
  18 -332
  25 -334
   3 -335
   9 -336
   3 -337
   1 -338
   9 -339
  57 -340
  17 -342
  12 -345
   7 -349
 132 -350
   1 -351
   1 -353
   8 -355
   2 -359
  27 -360
   1 -3600
   1 -361
   8 -3611
   2 -363
   4 -365
   1 -3650
   2 -367
   5 -369
  18 -37
  14 -370
   1 -3700
  29 -375
   1 -377
   1 -378
   1 -379
  32 -380
   4 -385
   2 -387
  11 -388
   1 -389
   1 -39
  11 -390
   2 -3900
   1 -394
  41 -399
  20 -40
 167 -400
   6 -4000
   3 -405
   3 -408
  11 -410
   2 -411
   1 -412
   2 -417
  23 -42
  32 -420
   1 -4200
  34 -421
  42 -425
  13 -427
   3 -43
  50 -430
   2 -4300
   5 -432
   3 -433
  13 -435
  14 -437
   5 -44
  38 -440
   3 -4400
   3 -445
   1 -446
  98 -447
   2 -45
 122 -450
   5 -4500
   1 -451
   1 -46
  44 -460
   2 -4600
   2 -465
   1 -469
  97 -470
  13 -474
  73 -475
   2 -478
  17 -479
  94 -480
   2 -4800
   1 -482
   2 -485
  74 -490
   3 -4900
   6 -495
  40 -499
  76 -50
 353 -500
   4 -5000
   7 -505
  11 -51
 101 -510
   1 -511
  14 -515
  74 -520
   4 -522
 128 -525
  10 -526
   5 -529
  86 -530
   2 -5300
  19 -535
   8 -54
  55 -540
   4 -545
   1 -55
 169 -550
   1 -5500
   2 -555
  57 -560
   7 -565
   1 -568
  50 -570
   1 -573
  83 -575
   1 -578
  17 -580
   8 -5800
   4 -585
  34 -590
   1 -5900
   1 -593
   9 -595
  79 -599
   9 -60
 267 -600
  17 -6000
   7 -610
   2 -615
   1 -616
   8 -620
  28 -625
   1 -6250
   2 -63
  24 -630
   3 -635
  10 -640
   1 -643
   1 -644
  14 -645
   4 -648
  60 -650
   1 -6500
  21 -655
   1 -659
  12 -660
   2 -663
  25 -664
   2 -665
   4 -668
   4 -670
  42 -675
   1 -68
   7 -680
   3 -69
   2 -690
   3 -695
  61 -699
   7 -7
   3 -70
 110 -700
   1 -705
   1 -706
   1 -716
   3 -720
  10 -725
   2 -729
   3 -730
   7 -733
   2 -740
   1 -747
  57 -75
  59 -750
   1 -758
   3 -760
   4 -770
  11 -775
   4 -776
   1 -78
   2 -785
  41 -79
  18 -799
  13 -80
  80 -800
   7 -810
   1 -82
   5 -825
   6 -850
   3 -860
   1 -865
   1 -880
  10 -89
  19 -899
   1 -9
   6 -90
  43 -900
   4 -91
   2 -92
   2 -922
   1 -925
  78 -99
   1 -990
   1 -999
 489 1
  28 10
 620 100
 117 1000
   3 1001
   1 1002
   1 1003
   3 1004
   1 1005
   4 1007
   1 1008
   1 1009
  40 101
   1 1010
   3 1013
   5 1015
   2 1019
   1 1021
   1 1022
  11 1025
   4 1026
   1 103
   3 1030
   1 1031
   3 1032
   2 1035
   3 1038
   1 104
   1 1040
   1 1043
   2 1044
   2 1045
   5 1047
   4 1049
   2 105
  25 1050
   3 1053
   6 1055
   3 1059
   1 106
   9 1060
   1 1062
  19 1063
   5 1065
   6 1066
   1 1068
 203 107
   3 1070
   9 1072
  21 1075
   3 1077
   5 1078
   4 1079
   2 108
   5 1080
   1 1081
   5 1083
   1 1085
   3 1086
   4 1087
   1 1088
   6 1089
   1 109
   8 1090
   3 1091
  20 1092
   5 1093
   2 1096
   2 1099
   2 11
  33 110
 143 1100
  30 1101
   1 1103
   6 1105
   2 1108
   4 1110
   1 1111
   1 1114
   8 1115
   1 1118
   5 112
  25 1120
   6 1122
  29 1125
   1 1127
  66 1130
   3 1131
   7 1133
  18 1135
   1 1138
  12 1139
   1 114
  18 1140
   5 1143
   5 1145
   2 1146
   3 1147
   5 115
  49 1150
   2 1152
   6 1153
   4 1154
   5 1155
   4 1156
   3 1157
   1 1158
   4 116
   1 1161
   3 1162
   2 1163
   1 1164
   3 1165
   1 1167
  34 117
   4 1170
   5 1172
  36 1175
   1 1178
   8 1179
  65 118
  13 1180
   6 1181
   3 1185
   3 1187
   1 119
   1 1190
   1 1191
   2 1192
   1 1194
   1 1195
   1 1198
   1 1199
   1 12
  44 120
 114 1200
   9 1201
   1 1202
   2 1203
   2 1204
   4 1205
   2 1208
  10 121
   6 1210
   3 1211
   2 1212
   1 1215
   8 1216
   1 1217
  16 122
  12 1220
   5 1221
   1 1223
  10 1225
   1 1226
   1 1227
   1 1228
   9 123
   2 1230
  11 1232
   1 1233
   1 1235
   7 1238
   1 1239
   6 1241
   1 1242
   5 1246
   1 1247
   4 1248
  40 125
  38 1250
   2 1251
   2 1252
   1 1253
   3 1254
   1 1255
   2 1256
   1 126
   5 1260
   1 1261
   2 1262
   1 1269
   2 127
  14 1270
   2 1271
   5 1273
   2 1274
  16 1275
   1 1277
   5 1279
   4 1280
   2 1282
   2 1283
   1 1286
   2 1288
   2 129
   6 1290
   1 1293
  59 1294
   3 1295
   1 1297
   7 1298
   5 1299
  42 130
 261 1300
  16 1301
  34 1304
   2 1305
   1 1306
   7 1308
   1 1309
   1 131
   3 1310
   2 1313
   1 1314
  29 1315
   1 1318
  20 1320
   1 1321
   1 1324
  19 1325
   8 1330
   1 1331
   1 1332
   3 1333
   3 1336
   8 1337
  39 1338
   2 134
   8 1340
   3 1342
   2 1344
   2 1345
   3 1349
   2 135
  39 1350
   1 1351
  10 1354
   3 1355
   1 1356
   1 1357
   6 136
   3 1360
   5 1361
   3 1363
   2 1368
   4 137
   5 1370
   2 1371
  40 1375
  11 1377
   1 1378
  21 138
   5 1380
   1 1387
   1 1388
   4 1389
   2 139
   3 1390
   6 1392
   1 1397
  12 14
  49 140
 104 1400
  21 1401
   1 1403
   3 1405
   8 1406
   1 1408
   1 141
  16 1411
   2 1413
   1 1414
   2 1415
  10 1416
   9 1417
   2 1418
  17 1419
   1 142
  35 1420
  48 1421
  24 1423
 102 1425
  21 1426
  65 1429
   5 1430
   3 1432
   2 1433
  49 1434
   3 1435
   2 1436
   1 1437
  14 1438
   1 1439
   1 144
  20 1440
   1 1441
   4 1443
  17 1444
  12 1445
  26 1446
   5 1447
   3 1448
   2 1449
   2 145
  46 1450
   8 1452
   3 1453
  12 1455
   1 1456
   6 1457
   8 1458
  14 1459
  14 1460
   2 1461
   9 1462
   6 1463
   2 1464
  15 1465
   6 1466
   3 1467
   5 1468
   2 1469
   3 147
  18 1470
   2 1471
  29 1472
  36 1474
  34 1475
   4 1476
  10 1477
   6 1478
   4 1479
  50 1480
   4 1481
   6 1482
   7 1483
   2 1484
  28 1485
   5 1486
   2 1487
   2 1488
  13 1489
  35 1490
   2 1491
   8 1492
  32 1493
   3 1494
  18 1495
  15 1496
   6 1497
  12 1498
   6 1499
  16 15
 124 150
 203 1500
  93 1501
  14 1502
  13 1503
  12 1504
  24 1505
   7 1506
   9 1507
  67 1508
   6 1509
  39 1510
   1 1511
   4 1512
  13 1513
   9 1514
  16 1515
  22 1516
   6 1517
   3 1518
   7 1519
  93 1520
  14 1521
   3 1522
  67 1524
  12 1525
   7 1526
   7 1527
   9 1528
  19 1529
  19 1530
  13 1531
  10 1532
   2 1533
   7 1534
   7 1535
  25 1536
   3 1537
  10 1538
  27 1539
  80 1540
  39 1541
   8 1542
   9 1543
   3 1544
   9 1545
  20 1546
   3 1547
  11 1548
  10 1549
   4 155
 217 1550
   5 1551
  15 1552
   3 1553
  11 1554
  45 1555
  14 1556
   1 1557
   7 1558
 166 1559
  89 1560
   5 1561
  15 1562
  26 1563
  13 1564
  23 1565
  24 1566
  37 1567
  64 1568
   8 1569
  28 1570
   4 1571
  14 1572
  32 1573
   5 1574
  42 1575
   5 1576
   6 1577
  19 1578
  22 1579
  65 1580
   5 1581
   9 1582
  14 1583
   6 1584
  20 1585
   4 1586
   3 1587
   6 1588
   6 1589
  51 1590
  24 1593
   6 1594
   8 1595
  11 1596
  12 1597
   7 1598
  16 1599
  61 160
 166 1600
  77 1601
   2 1602
   5 1603
   3 1604
   3 1605
  11 1606
  33 1607
   5 1608
   1 1609
  18 161
  53 1610
   5 1611
  15 1612
   7 1613
   8 1614
  10 1615
  15 1616
   5 1617
   5 1618
  10 1619
  15 1620
   6 1621
  24 1622
  10 1623
   7 1624
  17 1625
   5 1626
   2 1627
   6 1628
  12 1629
   2 163
  20 1630
  34 1631
   9 1632
   9 1633
   4 1634
   9 1635
  14 1636
  11 1637
  35 1638
   9 1639
  14 1640
  11 1641
  19 1642
   6 1643
   4 1644
  12 1645
   8 1646
  10 1647
  12 1648
   3 1649
   5 165
  59 1650
  10 1651
   5 1652
   5 1653
   1 1654
  19 1655
  36 1656
   8 1657
  12 1658
   4 1659
   1 166
  14 1660
  10 1661
   9 1662
   3 1663
   6 1664
  13 1665
   3 1666
  21 1667
  16 1668
   2 1669
  25 1670
  12 1671
   5 1672
   1 1673
   6 1674
  84 1675
   6 1676
   1 1677
   6 1678
   6 1679
   2 168
  37 1680
  11 1681
   6 1682
  19 1683
  10 1684
   8 1685
   4 1686
   4 1687
  13 1688
   3 1689
  31 1690
   2 1691
   9 1692
  14 1693
  21 1694
   4 1695
  29 1696
   3 1697
  29 1698
  14 1699
  20 170
 325 1700
  86 1701
   5 1702
   5 1703
   6 1704
  27 1705
   5 1706
   5 1707
  11 1708
  10 1709
  28 1710
  23 1711
   1 1712
   9 1713
   3 1714
  35 1715
   7 1716
  10 1717
  16 1718
   7 1719
  33 1720
   6 1721
  13 1722
   6 1723
  11 1724
  61 1725
   1 1726
   3 1727
   4 1728
   7 1729
  26 1730
   3 1731
  27 1732
   2 1733
   5 1734
  19 1735
   3 1736
   7 1737
  21 1738
  11 1739
  24 1740
   2 1741
  16 1742
   1 1743
   2 1744
  20 1745
   5 1746
   7 1747
  26 1748
   1 1749
  58 175
 104 1750
  23 1751
  26 1752
  10 1753
  11 1754
  24 1755
  13 1756
   8 1757
  15 1758
   9 1759
   2 176
  30 1760
  11 1761
  13 1762
  49 1763
   8 1764
  25 1765
   3 1766
  22 1767
  48 1768
   8 1769
   2 177
  65 1770
  12 1771
  12 1772
  10 1773
  15 1774
  46 1775
  10 1776
  12 1777
  17 1778
   8 1779
  33 1780
  11 1781
  10 1782
   9 1783
  17 1784
  41 1785
  21 1786
  21 1787
   7 1788
  10 1789
   1 179
  13 1790
  10 1791
  49 1792
  23 1793
   8 1794
   3 1795
  12 1796
  11 1797
  94 1798
  17 1799
  39 180
 114 1800
  75 1801
   7 1802
   4 1803
  16 1804
  12 1805
  10 1806
   6 1807
   5 1808
   5 1809
  26 1810
   3 1811
  11 1812
  11 1813
  11 1814
  33 1815
  12 1816
  19 1817
  16 1818
  10 1819
  18 1820
  12 1821
  18 1822
  22 1823
  16 1824
  18 1825
   8 1826
  33 1827
  14 1828
  22 1829
  37 1830
  18 1831
  20 1832
  19 1833
  23 1834
  36 1835
  23 1836
  18 1837
   9 1838
  22 1839
   8 184
  63 1840
   7 1841
  17 1842
  10 1843
  19 1844
  20 1845
  10 1846
   9 1847
  23 1848
  23 1849
  58 1850
  56 1851
  16 1852
  30 1853
  33 1854
  32 1855
  32 1856
  23 1857
  18 1858
  29 1859
  28 1860
  24 1861
  24 1862
  38 1863
  32 1864
  40 1865
  23 1866
  25 1867
  22 1868
  24 1869
  76 1870
  46 1871
  49 1872
  33 1873
  39 1874
  46 1875
  30 1876
  38 1877
  44 1878
  37 1879
  72 1880
  31 1881
  38 1882
  56 1883
  27 1884
  51 1885
  35 1886
  76 1887
  58 1888
 100 1889
  94 1890
  42 1891
  45 1892
  71 1893
  57 1894
  63 1895
  43 1896
  23 1897
  57 1898
  35 1899
   1 19
  26 190
 131 1900
 179 1901
  44 1902
  65 1903
  42 1904
  66 1905
  44 1906
  67 1907
  49 1908
  48 1909
  71 1910
  44 1911
  39 1912
  39 1913
  60 1914
  56 1915
  16 1916
  53 1917
  21 1918
  43 1919
   2 192
 124 1920
  47 1921
  80 1922
  73 1923
  87 1924
  80 1925
  52 1926
 146 1927
 143 1928
 184 1929
  26 193
 113 1930
  71 1931
 140 1932
 230 1933
  76 1934
  90 1935
  96 1936
 102 1937
 111 1938
 117 1939
  64 1940
  45 1941
  35 1942
  62 1943
  41 1944
 107 1945
  80 1946
 104 1947
 101 1948
  84 1949
   9 195
 201 1950
  69 1951
 129 1952
  47 1953
  56 1954
  85 1955
 257 1956
  86 1957
  94 1958
  82 1959
  93 1960
  64 1961
 121 1962
  81 1963
  97 1964
  75 1965
  92 1966
  94 1967
 101 1968
 187 1969
 102 1970
  74 1971
  80 1972
  93 1973
 140 1974
 112 1975
  71 1976
 142 1977
  70 1978
  61 1979
   1 198
 119 1980
  51 1981
  95 1982
  62 1983
  95 1984
 129 1985
  98 1986
  85 1987
 119 1988
 109 1989
   1 199
 142 1990
 217 1991
 147 1992
 114 1993
 107 1994
 103 1995
  93 1996
  95 1997
 125 1998
 150 1999
   1 2
  19 20
 386 200
 210 2000
 295 2001
 119 2002
  91 2003
 104 2004
 107 2005
  89 2006
  47 2007
  53 2008
  47 2009
  27 201
  25 2010
  33 2011
  17 2012
  33 2013
   3 2014
   8 203
   1 204
  11 209
  21 210
  21 211
   2 212
   1 214
   5 215
   5 216
   2 217
   7 218
  23 220
  12 222
  19 225
   6 23
  13 230
   6 235
   5 238
   1 239
  15 240
   4 241
   4 244
   2 247
   1 249
  41 25
  74 250
   1 251
   4 253
   1 255
   2 258
   3 26
   6 260
   1 265
   2 268
   2 27
  12 270
  49 275
   1 28
   7 280
   2 284
   2 285
   5 286
   6 287
  16 290
  12 293
   1 296
   4 297
   5 298
   1 3
   9 30
 206 300
  25 301
   2 303
   8 305
  16 306
   4 307
   1 308
  14 309
  16 310
   4 311
   4 314
   9 315
   1 318
  34 320
   7 324
  22 325
  16 326
   5 33
  23 330
   2 331
   6 333
   3 335
   7 337
   5 340
  73 350
  10 359
   3 360
   1 364
  18 365
   1 366
   6 37
   4 370
  52 375
   1 38
   3 380
   3 381
   2 382
   1 383
   1 388
   1 39
   8 390
   3 395
  32 40
 148 400
  12 401
   2 406
   1 408
   5 41
  10 410
   1 413
   1 415
   9 425
   1 429
  10 43
   3 430
   5 432
   3 44
   4 440
   8 45
   6 450
   1 460
   1 462
   1 465
  12 468
   4 470
   4 475
   1 480
   1 484
   1 490
   1 491
 147 50
 121 500
  10 501
   1 504
   1 505
   2 513
   9 52
   2 520
   1 521
   8 525
   2 526
   4 527
   1 528
   1 53
   2 530
  37 532
   2 534
   2 535
   1 537
  34 54
   1 541
   1 545
   4 547
   1 548
   3 55
  15 550
   2 553
   1 56
   2 565
   1 569
   2 570
   8 575
   1 578
   3 58
   2 590
   1 5900
   1 594
  46 60
  65 600
   4 602
   1 603
   7 610
   5 613
   1 615
  60 62
   2 622
   1 629
   4 63
   1 630
   5 64
   5 640
   2 641
   3 65
   3 650
   1 653
  20 66
   1 660
   3 67
   2 670
   1 672
  10 675
   1 68
   8 684
  23 69
   2 692
   1 7
  49 70
  60 700
   3 701
   1 705
  13 71
   1 710
   1 712
   1 713
   2 715
   3 72
   2 724
   4 725
   2 73
   3 730
   1 731
   1 741
  73 75
  19 750
   1 752
   1 753
   3 755
   4 76
   2 770
   2 775
   1 776
  21 785
  55 79
   1 793
   1 797
  26 80
  84 800
   3 801
   3 802
  24 81
   2 814
   9 82
   1 821
   3 830
   1 835
   1 836
   1 842
   3 843
   2 847
   4 85
  10 850
   2 858
  19 86
   2 863
   5 87
   2 870
   1 872
   2 873
   4 875
   2 876
   8 88
   2 886
   6 889
   1 89
   2 893
   1 9
  16 90
  68 900
   5 901
   5 91
   2 912
  12 913
   1 915
   1 920
   1 921
  12 925
   1 933
   6 936
   1 94
   5 940
   1 941
   3 945
   1 948
   2 95
  32 950
   4 953
   1 954
   2 96
   8 960
   5 961
   4 962
   1 964
  10 965
  11 967
   1 968
   2 969
   3 97
   7 970
   1 972
  12 975
  22 98
   4 980
   1 987
   3 989
   5 990
   4 994
   1 998
